7 0.46 0.06057291666666671 0.1885416666666667 0.060572916666666705 0.18854166666666672 0.48 0.46 0.48
4 0.9309412033333334 9.511380549507466e-17 0.5698925258333334 7.300595013323666e-17 0.5698925258333334 0.4800000000000001 0.9309412033333334 0.4800000000000002
11 0.46935424030043504 0.9129700871818922 0.45676002608414895 0.4721725896118814 0.04853594313825448 0.48383613483890703 0.06113015735454055 0.9246336324089179
0 0.7676041666666669 0.9154947916666667 0.6074479166666669 0.9154947916666667 0.6074479166666669 1 0.7676041666666669 1
3 0.630542535 0.48 0.46 0.48 0.46 0.5707682291666667 0.630542535 0.5707682291666667
3 0.8769791666666666 0.4800000000000001 0.6289322916666666 0.48 0.6289322916666666 0.6088541666666668 0.8769791666666666 0.6088541666666668
0 0.7397187565596138 0.6518780174223342 0.7377031512384552 0.5248948821893368 0.5251450986565912 0.5282688195319061 0.52716070397775 0.6552519547649035
0 0.6308854166666666 0.5795572916666667 0.5000260416666666 0.5795572916666667 0.5000260416666666 0.6547526041666667 0.6308854166666666 0.6547526041666667
0 0.5371354166666666 0.5697916666666667 0.46 0.5697916666666667 0.46 0.6449869791666667 0.5371354166666666 0.6449869791666667
6 0.7980729166666667 0.6445963541666667 0.7406510416666666 0.4723307291666667 0.6961197916666667 0.4871744791666667 0.7535416666666667 0.6594401041666667
6 0.8423535344412333 0.6376938072013487 0.786732372952794 0.5293789137764933 0.7572413144267824 0.5445229708574182 0.8128624759152216 0.6528378642822736
6 0.8105729166666666 0.6449869791666667 0.7816781556372548 0.5294079350490196 0.7632958026960783 0.5340035232843138 0.7921905637254901 0.6495825674019607