9 0.42067960883677796 0.20665917295972444 0.11234475067291996 0.011768272044833097 -0.057485336767461565 0.2804546790400636 0.25084952139639644 0.47534557995495497
3 0.6679427083333334 0.1278645833333334 0.49 0.1278645833333334 0.49 0.31243489583333345 0.6679427083333334 0.31243489583333345
3 0.9286176433225731 0.18935719676590168 0.7035907423182688 0.08621986713892885 0.6258062081539932 0.2559315780428026 0.8508331091582976 0.3590689076697754
0 0.7513854232262805 0.3935446840890009 0.7493698179051218 0.2665615488560034 0.5368117653232578 0.2699354861985727 0.5388273706444165 0.39691862143157014
0 0.6425520833333334 0.32122395833333345 0.5116927083333334 0.32122395833333345 0.5116927083333334 0.39641927083333345 0.6425520833333334 0.39641927083333345
0 0.5488020833333334 0.31145833333333345 0.49 0.31145833333333345 0.49 0.38665364583333345 0.5488020833333334 0.38665364583333345
6 0.8097395833333333 0.38626302083333325 0.7523177083333333 0.21399739583333333 0.7077864583333334 0.22884114583333334 0.7652083333333334 0.40110677083333324
6 0.8540202011079 0.37936047386801536 0.7983990396194607 0.27104558044315985 0.768907981093449 0.2861896375240848 0.8245291425818884 0.3945045309489403
6 0.8222395833333334 0.38665364583333334 0.7933448223039216 0.27107460171568626 0.7749624693627452 0.27567018995098036 0.803857230392157 0.39124923406862744
10 0.40869791666666677 0.6211979166666667 7.708099169789572e-17 0.6211979166666667 9.717285324640696e-17 0.9493229166666667 0.40869791666666677 0.9493229166666667
1 1 0.6534895833333335 0.7816831600000002 0.6534895833333335 0.7816831600000003 1 1 1