9 0.71 0.023281250000000062 0.002968750000000005 0.023281250000000017 0.0029687500000000304 0.44000000000000006 0.71 0.44000000000000017
3 0.931171875 1.004927941784705e-16 0.71 8.694992273946208e-17 0.71 0.20480468750000008 0.931171875 0.2048046875000001
3 1 0.14217114875000011 0.88234375 0.14217114875000011 0.88234375 0.24099644875000015 1 0.24099644875000015
3 1.0141592945125866 0.24863435431433564 0.8825595517221424 0.19374519298875092 0.8661463353504242 0.23309676988878347 0.9977460781408682 0.2879859312143682
3 0.18799360750000008 0.44 5.3884459162483545e-17 0.44 6.23206491245787e-17 0.5777734375 0.18799360750000008 0.5777734375
3 0.19351562500000008 0.596328125 7.322037012249372e-17 0.596328125 7.925988802844503e-17 0.6949609375 0.19351562500000008 0.6949609375
3 0.18960937500000008 0.719375 8.870796062495681e-17 0.719375 1.0491300371914299e-16 0.9840234375 0.1896093750000001 0.9840234375
3 0.62208233125 0.44000000000000006 0.35837751124999995 0.44 0.35837751124999995 0.5777734375 0.62208233125 0.5777734375000001
3 0.6315460263578274 0.6886897214456867 0.6276460163738019 0.5911894718450479 0.3505113069089457 0.6022748602236421 0.35441131689297123 0.699775109824281
3 0.629081570382425 0.7288068933075671 0.36537791141171694 0.7137381127949551 0.35037269884052086 0.9763293327908867 0.6140763578112288 0.9913981133034987
10 1 0.44000000000000017 0.71 0.44000000000000017 0.71 0.9301322375000001 1 0.9301322375000001