10 0.45000000000000007 3.8792840047135953e-17 0.09726562500000002 2.1513839115416265e-17 0.09726562500000005 0.548306122 0.4500000000000001 0.548306122
0 1 0.16337500000000008 0.562109375 0.16337500000000005 0.562109375 0.52196875 1 0.52196875
3 0.15945312500000014 0.986296875 0.12283203125000014 0.986296875 0.12283203125000014 1 0.15945312500000014 1
0 0.4500000000000001 0.92965625 0.31082031250000014 0.92965625 0.31082031250000014 1 0.4500000000000001 1
6 0.5021474644988647 0.7629775453947859 0.4482964450350784 0.6528821316367637 0.21650598756637998 0.7254426251830687 0.27035700703016635 0.835538038941091
3 0.38880699625000015 0.55 0.07644531250000008 0.55 0.0764453125000001 0.6523125 0.38880699625000015 0.6523125
0 0.29382215398622086 0.6952873188477141 0.08134223668894146 0.6943047532563318 0.08065565781139941 0.7893273182784749 0.2931355751086788 0.7903098838698572
0 0.39403311188504014 0.6542747494120267 0.08137734059495884 0.6522737524839662 0.08000930315996166 0.7890774965440344 0.392665074450043 0.7910784934720948
3 0.14243061399814752 0.7898981694518328 0.14178641627630795 0.716202035569798 -0.0006441977218395655 0.716998851117965 -1.1102230246251566e-18 0.7906949849999999
3 0.679921875 0.60125 0.4500000000000001 0.60125 0.4500000000000001 0.90984375 0.679921875 0.90984375
3 0.9570219979228018 0.7941434844341607 0.8378193363483384 0.5246418147875473 0.5552324687105595 0.6046356357803955 0.6744351302850231 0.8741373054270088
3 1.0000000000000002 0.8559375 0.6310937500000001 0.8559375 0.6310937500000001 0.94578125 1.0000000000000002 0.94578125
3 1.0036105261950714 0.93523652172414 0.6297295462490456 0.901035879158953 0.6207426168822278 0.9639126759693948 0.9946235968282536 0.9981133185345817