3 0.4505208333333333 0.6904296875 0.45703125 0.6796875 0.4700520833333333 0.681640625 0.4739583333333333 0.6787109375 0.4635416666666667 0.6689453125 0.46875 0.6572265625 0.4596354166666667 0.654296875 0.44921875 0.662109375 0.44140625 0.654296875 0.43359375 0.654296875 0.4296875 0.6572265625 0.4322916666666667 0.6669921875 0.421875 0.6767578125 0.4361979166666667 0.6796875 0.4440104166666667 0.69140625
0 0.7578125 0.7314453125 0.8059895833333334 0.71484375 0.8333333333333334 0.6865234375 0.84765625 0.68359375 0.8619791666666666 0.6728515625 0.8645833333333334 0.6591796875 0.8541666666666666 0.6474609375 0.8346354166666666 0.640625 0.8203125 0.6240234375 0.79296875 0.60546875 0.7643229166666666 0.59765625 0.72265625 0.59765625 0.6966145833333334 0.60546875 0.6744791666666666 0.6201171875 0.6614583333333334 0.6376953125 0.6302083333333334 0.6572265625 0.6302083333333334 0.6708984375 0.6419270833333334 0.68359375 0.6614583333333334 0.6904296875 0.6692708333333334 0.7041015625 0.69140625 0.720703125 0.7174479166666666 0.73046875
0 0.2109375 0.7314453125 0.23697916666666666 0.7099609375 0.23958333333333334 0.6923828125 0.23567708333333334 0.689453125 0.14453125 0.689453125 0.140625 0.6923828125 0.140625 0.7041015625 0.1484375 0.7177734375 0.17057291666666666 0.732421875
3 0.21875 0.9189453125 0.25390625 0.908203125 0.2760416666666667 0.8916015625 0.2916666666666667 0.8662109375 0.2916666666666667 0.8369140625 0.2760416666666667 0.8115234375 0.25390625 0.794921875 0.22526041666666666 0.78515625 0.19140625 0.783203125 0.15494791666666666 0.79296875 0.12760416666666666 0.8115234375 0.11458333333333333 0.8291015625 0.109375 0.8603515625 0.12239583333333333 0.8876953125 0.14453125 0.90625 0.18098958333333334 0.919921875
0 0.4348958333333333 0.9189453125 0.45703125 0.912109375 0.4765625 0.8994140625 0.4921875 0.8759765625 0.4921875 0.8583984375 0.4817708333333333 0.8388671875 0.4622395833333333 0.822265625 0.4361979166666667 0.8125 0.4153645833333333 0.810546875 0.37890625 0.8203125 0.359375 0.8349609375 0.3489583333333333 0.8525390625 0.3489583333333333 0.8798828125 0.359375 0.8974609375 0.3841145833333333 0.9140625 0.4049479166666667 0.919921875
6 0.7786458333333334 0.9208984375 0.7955729166666666 0.91796875 0.80859375 0.91015625 0.9127604166666666 0.89453125 0.9140625 0.8876953125 0.8997395833333334 0.88671875 0.81640625 0.90234375 0.7955729166666666 0.892578125 0.7825520833333334 0.892578125 0.7604166666666666 0.9052734375 0.7604166666666666 0.9169921875 0.76953125 0.921875
6 0.6822916666666666 0.4755859375 0.7122395833333334 0.466796875 0.7434895833333334 0.4375 0.8841145833333334 0.373046875 0.890625 0.3623046875 0.8528645833333334 0.3359375 0.8138020833333334 0.345703125 0.7903645833333334 0.328125 0.7721354166666666 0.322265625 0.6341145833333334 0.388671875 0.62109375 0.392578125 0.6106770833333334 0.38671875 0.5872395833333334 0.384765625 0.5690104166666666 0.390625 0.5520833333333334 0.4033203125 0.546875 0.4150390625 0.5520833333333334 0.4365234375 0.58984375 0.4609375 0.61328125 0.462890625 0.6393229166666666 0.45703125 0.66796875 0.474609375
3 0.7109375 0.3193359375 0.7135416666666666 0.2119140625 0.71875 0.2060546875 0.7161458333333334 0.1806640625 0.6731770833333334 0.154296875 0.6471354166666666 0.146484375 0.6393229166666666 0.154296875 0.6158854166666666 0.15234375 0.6197916666666666 0.1669921875 0.61328125 0.171875 0.6002604166666666 0.171875 0.5846354166666666 0.158203125 0.5611979166666666 0.16796875 0.55078125 0.16796875 0.5442708333333334 0.1630859375 0.5494791666666666 0.1513671875 0.5325520833333334 0.150390625 0.5221354166666666 0.14453125 0.48828125 0.15234375 0.45703125 0.166015625 0.4140625 0.1982421875 0.390625 0.2314453125 0.3802083333333333 0.2685546875 0.38671875 0.26953125 0.39453125 0.26171875 0.3984375 0.2685546875 0.3932291666666667 0.2783203125 0.4075520833333333 0.28515625 0.421875 0.2998046875 0.4127604166666667 0.302734375 0.4140625 0.2958984375 0.3997395833333333 0.28515625 0.3854166666666667 0.2939453125 0.3958333333333333 0.3017578125 0.3828125 0.3056640625 0.3802083333333333 0.3134765625 0.38671875 0.3203125
0 0.5416666666666666 0.4580078125 0.5572916666666666 0.4423828125 0.546875 0.4306640625 0.546875 0.4111328125 0.5546875 0.3994140625 0.5768229166666666 0.38671875 0.6028645833333334 0.384765625 0.6119791666666666 0.3759765625 0.6106770833333334 0.36328125 0.3854166666666667 0.3642578125 0.3958333333333333 0.4130859375 0.42578125 0.439453125 0.4440104166666667 0.443359375 0.4544270833333333 0.45703125
0 0.5390625 0.4580078125 0.546875 0.4560546875 0.5572916666666666 0.4404296875 0.5494791666666666 0.4345703125 0.5442708333333334 0.4208984375 0.5520833333333334 0.4013671875 0.5768229166666666 0.38671875 0.6028645833333334 0.384765625 0.6236979166666666 0.388671875 0.6653645833333334 0.373046875 0.71875 0.3427734375 0.7174479166666666 0.322265625 0.3919270833333333 0.3203125 0.3854166666666667 0.3251953125 0.3880208333333333 0.3935546875 0.3958333333333333 0.4130859375 0.4088541666666667 0.4287109375 0.4309895833333333 0.44140625 0.4466145833333333 0.4453125 0.4544270833333333 0.45703125
3 0.4296875 0.4580078125 0.4466145833333333 0.45703125 0.4505208333333333 0.4501953125 0.40625 0.4267578125 0.3841145833333333 0.38671875 0.3684895833333333 0.392578125 0.34765625 0.390625 0.3424479166666667 0.384765625 0.3359375 0.3876953125 0.3489583333333333 0.4150390625 0.33984375 0.423828125 0.3294270833333333 0.421875 0.3177083333333333 0.4130859375 0.30859375 0.396484375 0.296875 0.4150390625 0.2799479166666667 0.42578125 0.2734375 0.4228515625 0.2708333333333333 0.4130859375 0.2786458333333333 0.3955078125 0.2591145833333333 0.39453125 0.2526041666666667 0.3896484375 0.2643229166666667 0.376953125 0.21223958333333334 0.376953125 0.20833333333333334 0.3798828125 0.20572916666666666 0.4306640625 0.21614583333333334 0.4423828125 0.24348958333333334 0.458984375