3 0.23544921833333332 0.3963671875 0.237890625 0.39392578166666664 0.23138020833333334 0.38578776 0.23463541666666668 0.376022135 0.22893880166666666 0.3735807291666667 0.222428385 0.3800911458333333 0.21754557333333333 0.3735807291666667 0.21266276 0.3735807291666667 0.21022135416666668 0.376022135 0.21184895833333334 0.38416015666666664 0.20533854166666668 0.39229817666666666 0.214290365 0.3947395833333333 0.21917317666666666 0.4045052083333333 0.2232421875 0.40369140666666664 0.22731119833333333 0.3947395833333333 0.23544921833333332 0.3963671875
0 0.45 0.3444063125 0.43727213499999995 0.332890625 0.41936849 0.3263802083333333 0.39332682333333335 0.3263802083333333 0.37705078166666667 0.332890625 0.36321614583333334 0.34509765666666664 0.355078125 0.35974609333333335 0.335546875 0.376022135 0.335546875 0.387415365 0.3428710933333333 0.3979947916666667 0.355078125 0.40369140666666664 0.3599609375 0.415084635 0.37379557333333335 0.4289192708333333 0.390071615 0.4370572916666667 0.41529947916666665 0.4378710933333333 0.4454101566666667 0.4240364583333333 0.45 0.41769810333333335 0.45 0.3444063125
0 0.09140625 0.40531901 0.08896484333333333 0.4028776041666667 0.03199869833333333 0.4028776041666667 0.029557291666666666 0.40531901 0.029557291666666666 0.415084635 0.034440104166666666 0.426477865 0.04827474 0.4386848958333333 0.07350260416666667 0.4378710933333333 0.08977864583333334 0.4199674483333333 0.09140625 0.40531901
3 0.11942407833333334 0.56 0.12395833333333334 0.5501757816666667 0.12395833333333334 0.5257617183333333 0.11419270833333334 0.5046028650000001 0.10035807333333334 0.4907682291666667 0.08245442666666666 0.4826302083333333 0.06129557333333333 0.4810026041666667 0.038509115 0.489140625 0.021419270833333334 0.5046028650000001 0.01328125 0.5192513016666667 0.010026041666666667 0.5452929683333333 0.015278553333333333 0.56 0.11942407833333334 0.56
0 0.24844075499999999 0.56 0.24928385416666668 0.5583138016666667 0.24928385416666668 0.5436653650000001 0.2427734375 0.5273893233333333 0.23056640666666667 0.5135546875 0.214290365 0.5054166666666666 0.20126953166666667 0.5037890625 0.17848307333333333 0.5119270833333334 0.16627604166666668 0.5241341150000001 0.159765625 0.5387825516666667 0.159765625 0.56 0.24844075499999999 0.56
6 0.45 0.1161263025 0.4356445316666667 0.10177083333333334 0.4242513016666667 0.09688802083333334 0.33798828166666667 0.1522265625 0.32985026 0.15548177083333334 0.3233398433333333 0.15059895833333334 0.30869140666666667 0.14897135416666665 0.2972981766666667 0.15385416666666665 0.28671875 0.16443359333333332 0.28346354166666665 0.17419921833333332 0.28671875 0.192102865 0.31031901 0.21244791666666665 0.32496744833333335 0.21407552083333334 0.34124349 0.20919270833333334 0.359147135 0.22384114583333334 0.36809895833333334 0.22465494833333333 0.38681640666666667 0.21733072916666665 0.40634765666666667 0.19291666666666665 0.45 0.166240235 0.45 0.1161263025
3 0.197033165 0 0.18580729166666668 0.021204426666666668 0.179296875 0.05212890666666667 0.183365885 0.05294270833333333 0.18824869833333333 0.04643229166666667 0.19069010416666668 0.05212890666666667 0.18743489583333334 0.060266926666666665 0.19638671833333332 0.06596354166666667 0.20533854166666668 0.07817057333333333 0.19964192666666666 0.08061197916666667 0.20045572916666668 0.074915365 0.19150390666666667 0.06596354166666667 0.18255208333333334 0.07328776000000001 0.1890625 0.07979817666666666 0.18092447916666668 0.08305338500000001 0.179296875 0.08956380166666666 0.183365885 0.09526041666666667 0.38600260416666665 0.094446615 0.38763020833333334 0.004928385 0.39088541666666665 0.00004557333333333333 0.39088191083333335 0 0.197033165 0
0 0.28346354166666665 0.18722005166666666 0.28346354166666665 0.17094401 0.28834635416666665 0.161178385 0.30218099 0.15059895833333334 0.31845703166666667 0.14897135416666665 0.32415364583333334 0.141647135 0.3233398433333333 0.13106770833333334 0.18255208333333334 0.13188151 0.1890625 0.172571615 0.20777994833333333 0.19454427083333334 0.21917317666666666 0.19779947916666665 0.22568359333333332 0.20919270833333334 0.28020833333333334 0.21000651 0.28997395833333334 0.19698567666666666 0.28346354166666665 0.18722005166666666
0 0.28997395833333334 0.19535807333333333 0.28509114583333334 0.19047526 0.2818359375 0.17908203166666667 0.28671875 0.16280599 0.30218099 0.15059895833333334 0.31845703166666667 0.14897135416666665 0.331477865 0.1522265625 0.35751953166666667 0.13920572916666665 0.39088541666666665 0.113977865 0.390071615 0.09688802083333334 0.18662109333333332 0.09526041666666667 0.18255208333333334 0.09932942666666666 0.1841796875 0.15629557333333333 0.1890625 0.172571615 0.19720052083333334 0.18559244833333333 0.21103515666666667 0.196171875 0.22080078166666667 0.19942708333333334 0.22568359333333332 0.20919270833333334 0.27858072916666665 0.21000651 0.28346354166666665 0.20837890666666667 0.28997395833333334 0.19535807333333333
3 0.2232421875 0.20349609333333332 0.19557291666666668 0.18396484333333332 0.18173828166666667 0.15059895833333334 0.17197265666666667 0.15548177083333334 0.15895182333333333 0.15385416666666665 0.155696615 0.14897135416666665 0.15162760416666668 0.15141276 0.159765625 0.17419921833333332 0.15406901 0.1815234375 0.14755859333333332 0.17989583333333334 0.140234375 0.172571615 0.13453776 0.15873697916666665 0.12721354166666668 0.17419921833333332 0.116634115 0.18315104166666665 0.11256510416666667 0.180709635 0.1109375 0.172571615 0.1158203125 0.15792317666666666 0.10361328166666667 0.157109375 0.09954427083333334 0.153040365 0.10686849 0.1424609375 0.07431640666666667 0.1424609375 0.071875 0.14490234333333332 0.07024739583333334 0.18722005166666666 0.0767578125 0.19698567666666666 0.09384765666666667 0.2108203125 0.21022135416666668 0.21000651 0.22080078166666667 0.20919270833333334 0.2232421875 0.20349609333333332
11 0.45 0.35641493083333337 0.45260416666666664 0.37247395833333335 0.46822916666666664 0.406328125 0.48971354166666664 0.4278125 0.526171875 0.44864583333333335 0.5470052083333333 0.466875 0.5587239583333333 0.47208333333333335 0.6186197916666667 0.47989583333333335 0.6837239583333333 0.47729166666666667 0.7240885416666667 0.466875 0.7423177083333333 0.45125 0.783984375 0.4278125 0.819140625 0.38875 0.8595052083333333 0.36921875 0.9024739583333333 0.33927083333333335 0.934375 0.304765625 0.94609375 0.28263020833333335 0.9526041666666667 0.25919270833333335 0.9526041666666667 0.234453125 0.9473958333333333 0.214921875 0.934375 0.19408854166666667 0.9180989583333333 0.18041666666666667 0.8946614583333333 0.17 0.8595052083333333 0.17 0.8373697916666667 0.17911458333333333 0.819140625 0.19473958333333333 0.807421875 0.19604166666666667 0.7924479166666667 0.164140625 0.8002604166666667 0.14981770833333333 0.7989583333333333 0.140703125 0.7924479166666667 0.132890625 0.7462239583333333 0.10359375 0.698046875 0.091875 0.6895833333333333 0.078203125 0.6934895833333333 0.066484375 0.6915364583333333 0.058020833333333334 0.6654947916666667 0.0528125 0.6055989583333333 0.0528125 0.5873697916666667 0.05671875 0.5828125 0.06127604166666667 0.58671875 0.082109375 0.5795572916666667 0.09057291666666667 0.530078125 0.10359375 0.5001302083333333 0.12052083333333333 0.4825520833333333 0.13549479166666667 0.4786458333333333 0.14200520833333333 0.4786458333333333 0.15372395833333333 0.48515625 0.16283854166666667 0.47604166666666664 0.17716145833333333 0.4578125 0.22533854166666667 0.45 0.2678732641666667 0.45 0.35641493083333337
8 0.45 0.6432731383333333 0.3746614583333333 0.6296875 0.2887239583333333 0.621875 0.18716145833333334 0.61796875 0.08169270833333334 0.6192708333333333 0.019192708333333332 0.6244791666666667 0 0.6285503474999999 0 0.8413662574999999 0.029609375 0.8614583333333333 0.08690104166666666 0.8875 0.09861979166666666 0.8888020833333333 0.11015802583333333 0.8995162883333334 0.13348730833333333 0.9106240275 0.15903839416666665 0.9095131858333334 0.19014416083333333 0.917288655 0.1968096575 0.9150670558333334 0.22902632583333335 0.9139562991666665 0.26203125 0.9076822916666667 0.314765625 0.9044270833333333 0.32453125 0.901171875 0.3212760416666667 0.89921875 0.3902864583333333 0.8822916666666667 0.428046875 0.8640625 0.45 0.8458460775 0.45 0.6432731383333333
0 0.7574609375 0.9346354166666667 0.764296875 0.9297526041666667 0.77015625 0.9160807291666667 0.8209375 0.8711588541666667 0.84046875 0.8399088541666667 0.85609375 0.8067057291666667 0.875625 0.7422526041666667 0.889296875 0.7149088541666667 0.89125 0.7051432291666667 0.8834375 0.6934244791666667 0.8668359375 0.6826822916666667 0.8336328125 0.6768229166666667 0.8101953125 0.6690104166666667 0.7476953125 0.6670572916666667 0.7281640625 0.6611979166666667 0.7047265625 0.6611979166666667 0.6891015625 0.6651041666666667 0.5816796875 0.6670572916666667 0.5660546875 0.6729166666666667 0.5230859375 0.6748697916666667 0.5035546875 0.6846354166666667 0.4859765625 0.6865885416666667 0.469375 0.7110026041666667 0.4928125 0.7676432291666667 0.5084375 0.8203776041666667 0.5240625 0.8516276041666667 0.53578125 0.8672526041666667 0.5543359375 0.8877604166666667 0.59046875 0.9160807291666667 0.594375 0.9297526041666667 0.6031640625 0.9365885416666667 0.6187890625 0.9424479166666667 0.6480859375 0.9463541666666667 0.69984375 0.9453776041666667 0.7359765625 0.9424479166666667 0.7574609375 0.9346354166666667