3 0.1281738275 0.3420643761726079 0.1318359375 0.3393160769230769 0.1220703125 0.33015507692307694 0.126953125 0.3191618780487805 0.1184082025 0.31641357879924953 0.1086425775 0.3237423780487805 0.10131836 0.31641357879924953 0.09399414 0.31641357879924953 0.09033203125 0.3191618780487805 0.0927734375 0.32832287804878046 0.0830078125 0.3374838761726079 0.0964355475 0.3402321763602251 0.103759765 0.3512253752345216 0.10986328125 0.35030927579737337 0.1159667975 0.3402321763602251 0.1281738275 0.3420643761726079
0 0.39 0.2632797842401501 0.364990235 0.2632797842401501 0.3405761725 0.27060858348968103 0.31982421875 0.2843500825515947 0.3076171875 0.3008398799249531 0.2783203125 0.3191618780487805 0.2783203125 0.33198727767354597 0.28930664 0.3438965759849906 0.3076171875 0.35030927579737337 0.31494140625 0.36313467354596624 0.33569336 0.3787083724202627 0.3601074225 0.3878693714821764 0.39 0.388593030956848 0.39 0.2632797842401501
0 0.14892578125 0.5196998123827392 0.14892578125 0.507878459662289 0.13916015625 0.4895564615384616 0.12084961 0.4739827626641651 0.0964355475 0.4648217636022514 0.0769042975 0.46298956378986866 0.042724609999999996 0.47215056285178236 0.0244140625 0.4858920619136961 0.0146484375 0.5023818592870544 0.0146484375 0.5196998123827392 0.14892578125 0.5196998123827392
6 0.39 0.015231180112570356 0.2819824225 0.067234404315197 0.26977539 0.07089880393996248 0.260009765 0.06540220450281425 0.23803711 0.06357000469043152 0.220947265 0.06906660412757974 0.205078125 0.08097590243902439 0.2001953125 0.09196910131332083 0.205078125 0.11212330018761726 0.240478515 0.13502579737335835 0.2624511725 0.1368579971857411 0.286865235 0.13136139774859287 0.3137207025 0.14785119606003752 0.3271484375 0.14876729643527203 0.35522461 0.14052239681050657 0.384521485 0.11303939962476547 0.39 0.11052684333958723 0.39 0.015231180112570356
0 0.2001953125 0.10662669981238274 0.2001953125 0.08830470168855535 0.20751953125 0.07731150281425891 0.228271485 0.06540220450281425 0.2526855475 0.06357000469043152 0.26123046875 0.05532510506566604 0.260009765 0.04341580675422139 0.048828125 0.044331906191369605 0.05859375 0.09013690243902439 0.0866699225 0.11487159943714821 0.103759765 0.1185359990619137 0.11352539 0.13136139774859287 0.1953125 0.13227749718574108 0.2099609375 0.11761989868667917 0.2001953125 0.10662669981238274
0 0.2099609375 0.11578769981238274 0.20263671875 0.11029109943714822 0.19775390625 0.09746570168855534 0.205078125 0.07914370356472795 0.228271485 0.06540220450281425 0.2526855475 0.06357000469043152 0.2722167975 0.067234404315197 0.3112792975 0.05257680581613509 0.361328125 0.02417770919324578 0.3601074225 0.0049396106941838646 0.054931640000000004 0.0031074108818011257 0.048828125 0.007687909943714821 0.05126953125 0.07181490431519699 0.05859375 0.09013690243902439 0.07080078125 0.1047945009380863 0.091552735 0.11670379924953096 0.1062011725 0.12036819887429644 0.11352539 0.13136139774859287 0.19287109375 0.13227749718574108 0.2001953125 0.13044529831144466 0.2099609375 0.11578769981238274
3 0 0.13275156285178238 0.09033203125 0.13227749718574108 0.1062011725 0.13136139774859287 0.10986328125 0.12494869793621013 0.068359375 0.10296230018761726 0.047607422499999996 0.06540220450281425 0.032958984999999996 0.07089880393996248 0.013427735000000001 0.06906660412757974 0.0085449225 0.06357000469043152 0.00244140625 0.06631830393996248 0.0146484375 0.09196910131332083 0.006103515 0.1002140009380863 0 0.09906887617260789 0 0.13275156285178238
3 1 0.2227515243902439 0.9924609375 0.21992260787992496 0.8889453125 0.1964704502814259 0.7346484375 0.18474437148217637 0.5823046875 0.19060741088180114 0.4631640625 0.20966228893058161 0.39 0.235743287054409 0.39 0.33532905347091935 0.4084765625 0.350375234521576 0.4319140625 0.3621013133208255 0.4807421875 0.37236163227016883 0.6389453125 0.38555347091932457 0.8303515625 0.381156191369606 0.9924609375 0.3562382739212008 1 0.3534093574108818 1 0.2227515243902439
3 1 0.19517132457786115 0.9436328125 0.18181285178236398 0.7815234375 0.16568949343339587 0.6350390625 0.16715525328330205 0.4846484375 0.18474437148217637 0.39 0.2094507101313321 0.39 0.38139681988742963 0.4319140625 0.39581378986866794 0.4983203125 0.41047138836772984 0.5862109375 0.4236632270168856 0.6721484375 0.4295262664165103 0.7698046875 0.4280605065666041 0.8518359375 0.42073170731707316 0.9924609375 0.39141651031894936 1 0.3887007504690432 1 0.19517132457786115
2 0.39 1 0.39 0.5196998123827392 0.2143359375 0.5196998123827392 0.223203125 0.5263543621013134 0.236875 0.5512722795497186 0.24078125 0.584984756097561 0.236875 0.646546669793621 0.215390625 0.6817249061913696 0.1870703125 0.7029784240150094 0.1275 0.7374237804878049 0.1040625 0.7652732176360225 0.094296875 0.7872596153846154 0.09234375 0.8283008911819888 0.1040625 0.8634791275797373 0.17828125 0.9939317542213884 0.18045823375 1 0.39 1
4 0.44355566375 0.5196998123827392 0.43828613250000004 0.527114725140713 0.42787597625 0.5564116003752345 0.42006836 0.597427225140713 0.42006836 0.6325834746716698 0.42787597625 0.6775053499061914 0.45650390625 0.7556303499061914 0.5163623049999999 0.8767241003752345 0.529375 0.9118803499061914 0.571015625 0.9782866003752346 0.57802971125 1 0.85208984375 1 0.85208984375 0.9997709746716696 0.8625 0.9685209746716696 0.8833203125 0.9235991003752345 0.89373046875 0.9118803499061914 0.904140625 0.8767241003752345 0.9744091800000001 0.7263334746716698 0.9926269525000001 0.6482084746716698 0.9926269525000001 0.6110991003752345 0.9744091800000001 0.534927225140713 0.9638228175000001 0.5196998123827392 0.44355566375 0.5196998123827392