3 0.305228825136612 0.11477843237704917 0.13789902094717665 -0.024286202185792333 -0.04656363843351547 0.10056352459016393 0.12076616575591985 0.23962815915300542
3 0.25550423783191006 0.28518284946801065 0.2544929038919222 0.23284631807363856 0.007916272924541511 0.23552649884502316 0.008927606864529376 0.28786303023939525
3 0.5407042772861357 0.02090500553097352 0.2911191002949852 0.008425746681415951 0.2745722713864306 0.1945775719026549 0.524157448377581 0.20705683075221246
3 0.5331722734430561 0.28425206999898406 0.5322962807748316 0.23103551540434827 0.2857846417928139 0.23331803058010764 0.2866606344610383 0.28653458517474345
3 0.2950575382592062 0.35034855481826893 0.06753482185557154 0.27213762105451944 -0.03614364139964926 0.4417932881994262 0.1913790750039854 0.5200042219631756
3 0.2547222222222223 0.5201041666666667 0.00819444444444453 0.5201041666666667 0.008194444444444534 0.5691666666666667 0.2547222222222223 0.5691666666666667
3 0.5325000000000001 0.5201041666666667 0.28597222222222235 0.5201041666666667 0.28597222222222235 0.5691666666666667 0.5325000000000001 0.5691666666666667
6 0.7706995401971939 0.5273633479095564 0.5573508569207433 0.3246820987969284 0.5039876601061812 0.3562787284897612 0.7173363433826319 0.5589599776023891
6 0.9562371758802151 0.5227539193135491 0.6625370990541913 0.04350683449270631 0.4702030478324539 0.10980832419957852 0.7639031246584775 0.5890554090204212
5 0.5400000000000001 0.5691666666666667 9.588828519375465e-17 0.5691666666666667 1.3008059391578196e-16 0.98796875 0.5400000000000001 0.98796875
0 1 0.5986953916666667 0.5504444033333334 0.5986953916666667 0.5504444033333334 0.823960375 1.0000000000000002 0.823960375