6 0.3206134043975349 0.11824519377415842 0.20892525674339826 0.10104195179314954 0.14956250068436283 0.4864411847515196 0.2612506483384994 0.5036444267325285
7 0.9255208333333333 9.98419143562611e-17 0.584375 7.895275671455495e-17 0.584375 0.4984375000000001 0.9255208333333333 0.4984375000000002
3 0.42127604166666677 0.5 0.20447916666666674 0.5 0.20447916666666677 0.6841015625 0.42127604166666677 0.6841015625
3 0.5691666666666667 0.5 0.39393229166666677 0.5 0.39393229166666677 0.6863671875 0.5691666666666667 0.6863671875
0 0.5047187565596138 0.7652113507556676 0.5027031512384551 0.6382282155226702 0.2901450986565911 0.6416021528652394 0.2921607039777498 0.7685852880982368
0 0.39588541666666677 0.692890625 0.26502604166666677 0.692890625 0.26502604166666677 0.7680859375 0.39588541666666677 0.7680859375
0 0.30213541666666677 0.683125 0.17518229166666677 0.683125 0.17518229166666677 0.7583203125 0.30213541666666677 0.7583203125
6 0.5630729166666667 0.7579296874999999 0.5056510416666666 0.5856640625 0.46111979166666667 0.6005078125 0.5185416666666666 0.7727734375
6 0.5847644608393125 0.7424667729610283 0.5553077053755205 0.6430502246021086 0.5378182465634676 0.6482322865417444 0.5672750020272596 0.7476488349006638
6 0.5775236333679354 0.7563592745184544 0.5430625090109574 0.6431298659169552 0.5237880712946944 0.6489959991349482 0.5582491956516724 0.7622254077364475
12 1 0.5083854166666668 0.88359375 0.5083854166666668 0.88359375 1 1 1