3 0.2488671875 0.012851562500000042 0.035529558634020644 0.0031543975515463812 0.027024403994845365 0.1902677996134021 0.2403620328608247 0.19996496456185575
3 0.5077843099892396 0.07102386343256822 0.2827574089849355 -0.03211346619440456 0.20497287482066 0.1375982447094692 0.4299997758249642 0.24073557433644197
0 0.3305520898929471 0.2752113507556675 0.32853648457178847 0.14822821552267004 0.11597843198992445 0.15160215286523931 0.11799403731108313 0.2785852880982368
0 0.22171875 0.20289062500000002 0.09085937500000002 0.202890625 0.09085937500000002 0.2780859375 0.22171875 0.2780859375
0 0.12796875000000002 0.193125 0.001015625000000024 0.193125 0.0010156250000000287 0.2683203125 0.12796875000000005 0.2683203125
6 0.38890625 0.2679296875 0.331484375 0.0956640625 0.286953125 0.11050781249999998 0.344375 0.2827734375
6 0.43318686777456655 0.26102714053468207 0.37756570628612723 0.15271224710982656 0.34807464776011565 0.1678563041907514 0.40369580924855497 0.27617119761560693
6 0.40140625 0.26832031249999994 0.3725114889705882 0.1527412683823529 0.3541291360294117 0.15733685661764704 0.3830238970588235 0.2729159007352941
12 0.8606770833333334 9.801320332863439e-17 0.74 9.062386313690413e-17 0.74 0.48283386749999996 0.8606770833333334 0.48283386750000007
12 0.6084765625 0.5244140625 0.3656640625000001 0.5244140625 0.3656640625000001 0.9285914908333333 0.6084765625 0.9285914908333333
0 1 0.6151041666666669 0.74 0.6151041666666668 0.7400000000000001 0.8305989583333334 1 0.8305989583333335