3 0.33553385416666665 0.06701822916666672 0.12219622530068733 0.057321064218213064 0.11369107066151204 0.24443446628006876 0.3270286995274914 0.2541316312285224
3 0.5944509766559062 0.12519053009923492 0.36942407565160207 0.022053200472262113 0.2916395414873267 0.19176491137613585 0.5166664424916307 0.29490224100310863
0 0.4172187565596138 0.3293780174223342 0.41520315123845514 0.2023948821893367 0.2026450986565911 0.20576881953190598 0.2046607039777498 0.33275195476490343
0 0.3083854166666667 0.2570572916666667 0.17752604166666672 0.2570572916666667 0.17752604166666672 0.3322526041666667 0.3083854166666667 0.3322526041666667
0 0.21463541666666666 0.24729166666666666 0.08768229166666669 0.24729166666666666 0.0876822916666667 0.3224869791666667 0.21463541666666666 0.3224869791666667
6 0.4755729166666667 0.32209635416666665 0.4181510416666666 0.14983072916666662 0.37361979166666665 0.1646744791666666 0.43104166666666666 0.33694010416666664
6 0.5198535344412333 0.3151938072013488 0.4642323729527939 0.20687891377649323 0.4347413144267823 0.22202297085741804 0.4903624759152217 0.3303378642822737
6 0.4880729166666666 0.3224869791666666 0.4591781556372549 0.20690793504901955 0.4407958026960784 0.21150352328431368 0.4696905637254902 0.3270825674019607
0 0.9843229166666667 0.19093750000000012 0.7 0.1909375000000001 0.7 0.3800000000000001 0.9843229166666667 0.3800000000000001
3 0.6056640625 0.5991796875 0.06699218750000008 0.5991796875 0.0669921875000001 0.9267382816666668 0.6056640625 0.9267382816666668
5 0.9261979166666666 0.6023958333333336 0.7 0.6023958333333335 0.7000000000000001 0.9328485591666666 0.9261979166666666 0.9328485591666666