0 0.5859375 0.673828125 0.4257812500000001 0.673828125 0.4257812500000001 0.7607421875 0.5859375 0.7607421875
0 0.2796987024625936 0.7077837632481295 0.18024031717581054 0.7028108439837905 0.1772838411783043 0.7619403639339152 0.27674222646508734 0.7669132831982544
6 0.2761488970588237 0.8686580882352941 0.14379595588235303 0.8392463235294118 0.13543198529411773 0.8768841911764705 0.2677849264705884 0.9062959558823529
6 0.5441692028774464 0.8810914564888164 0.4634958571178937 0.8634441621039143 0.45824626485321523 0.8874422981710158 0.5389196106127679 0.9050895925559181
3 0.4763671875 0.1478515625000001 0.2630295586340207 0.13815439755154643 0.25452440399484544 0.32526779961340213 0.4678620328608247 0.33496496456185576
3 0.7352843099892397 0.20602386343256823 0.5102574089849355 0.10288653380559547 0.43247287482066005 0.2725982447094692 0.6574997758249642 0.37573557433644195
0 0.5580520898929472 0.41021135075566756 0.5560364845717884 0.2832282155226701 0.3434784319899244 0.2866021528652394 0.34549403731108314 0.41358528809823686
0 0.44921875 0.33789062500000006 0.318359375 0.337890625 0.31835937500000006 0.41308593750000006 0.44921875 0.4130859375000001
0 0.35546875 0.328125 0.228515625 0.328125 0.22851562500000006 0.4033203125 0.35546875000000006 0.4033203125
6 0.6164062499999999 0.4029296875 0.5589843749999999 0.2306640625 0.514453125 0.2455078125 0.571875 0.4177734375
6 0.6606868677745666 0.3960271405346821 0.6050657062861272 0.28771224710982657 0.5755746477601157 0.3028563041907514 0.631195809248555 0.41117119761560694
6 0.62890625 0.4033203124999999 0.6000114889705882 0.2877412683823529 0.5816291360294117 0.2923368566176471 0.6105238970588234 0.407915900735294